0,524
0,523
0,522
0,521
80,4
80,3
80,2
80,1
80,0
0,520
0,472
79,4
79,3
79,2
79,1
79,0
78,4
78,3
78,2
78,1
78,0
77,3
77,2
77,1
77,0
76,3
76,2
76,1
76,0
75,3
75,2
75,1
75,0
74,3
74,2
74,1
74,0
68,2
68,0
64,0
67,4
67,2
67,0
0,278
0,9
73,49
73,48
73,47
73,46
73,45
73,44
73,43
73,42
73,41
73,40
73,39
73,38
73,37
73,36
73,35
3,1
3,3
10,209
10,11
10,293
10,127
10,177
10,145
10,247
10,2
10,3
11,17
11,19
11,21
11,7
11,9
11,5
11,15
9,7
9,1
9,5
8,14
8,8
8,16
8,13
70,4
70,3
70,2
70,1
70,0
68,4
68,3
68,1
67,3
67,1
64,3
64,2
64,1
61,4
61,3
61,1
59,3
59,1
58,3
58,1
57,3
57,1
56,3
56,2
56,1
55,3
55,2
55,1
54,4
54,3
54,2
54,1
53,4
53,3
53,2
53,1
52,4
52,3
52,2
52,1
51,4
51,3
51,2
51,1
